image_width: 640
image_height: 480
camera_name: narrow_stereo
camera_matrix:
  rows: 3
  cols: 3
  data: [541.5383399999999, 0, 298.248559, 0, 539.781627, 235.461421, 0, 0, 1]
distortion_model: plumb_bob
distortion_coefficients:
  rows: 1
  cols: 5
  data: [-0.103903, 0.11658, 0.000834, -0.0008309999999999999, 0]
rectification_matrix:
  rows: 3
  cols: 3
  data: [1, 0, 0, 0, 1, 0, 0, 0, 1]
projection_matrix:
  rows: 3
  cols: 4
  data: [529.825439, 0, 297.682966, 0, 0, 529.77356, 235.145842, 0, 0, 0, 1, 0]