# oST version 5.0 parameters


[image]

width
640

height
480

[narrow_stereo]

camera matrix
541.538340 0.000000 298.248559
0.000000 539.781627 235.461421
0.000000 0.000000 1.000000

distortion
-0.103903 0.116580 0.000834 -0.000831 0.000000

rectification
1.000000 0.000000 0.000000
0.000000 1.000000 0.000000
0.000000 0.000000 1.000000

projection
529.825439 0.000000 297.682966 0.000000
0.000000 529.773560 235.145842 0.000000
0.000000 0.000000 1.000000 0.000000

